16
216
0,0,red
1,0,yellow
2,0,red
3,0,yellow
4,0,red
5,0,yellow
6,0,red
7,0,yellow
8,0,red
9,0,yellow
10,0,red
11,0,yellow
12,0,red
13,0,yellow
14,0,red
15,0,yellow
0,1,yellow
1,1,red
2,1,yellow
3,1,red
4,1,yellow
5,1,red
6,1,yellow
7,1,red
8,1,yellow
9,1,red
10,1,yellow
11,1,red
12,1,yellow
13,1,red
14,1,yellow
15,1,red
0,2,red
1,2,yellow
2,2,red
3,2,yellow
4,2,red
5,2,yellow
6,2,red
7,2,yellow
8,2,red
9,2,yellow
10,2,red
11,2,yellow
12,2,red
13,2,yellow
14,2,red
15,2,yellow
4,3,yellow
5,3,red
6,3,yellow
7,3,red
8,3,yellow
9,3,red
10,3,yellow
11,3,red
0,4,white
1,4,white
2,4,white
3,4,white
5,4,yellow
6,4,red
9,4,yellow
10,4,red
12,4,white
13,4,white
14,4,white
15,4,white
3,5,white
4,5,white
7,5,white
8,5,white
11,5,white
12,5,white
0,6,yellow
1,6,red
4,6,white
5,6,white
6,6,white
7,6,white
8,6,white
9,6,white
10,6,white
11,6,white
14,6,yellow
15,6,red
0,7,red
1,7,yellow
2,7,red
4,7,white
5,7,white
6,7,white
7,7,white
8,7,white
9,7,white
10,7,white
11,7,white
13,7,yellow
14,7,red
15,7,yellow
0,8,yellow
1,8,red
2,8,yellow
3,8,red
6,8,white
7,8,white
8,8,white
9,8,white
12,8,yellow
13,8,red
14,8,yellow
15,8,red
0,9,red
1,9,yellow
2,9,red
3,9,yellow
4,9,red
6,9,white
7,9,white
8,9,white
9,9,white
11,9,yellow
12,9,red
13,9,yellow
14,9,red
15,9,yellow
0,10,yellow
1,10,red
2,10,yellow
3,10,red
4,10,yellow
5,10,red
7,10,white
8,10,white
10,10,yellow
11,10,red
12,10,yellow
13,10,red
14,10,yellow
15,10,red
0,11,red
1,11,yellow
2,11,red
3,11,yellow
4,11,red
5,11,yellow
7,11,white
8,11,white
10,11,red
11,11,yellow
12,11,red
13,11,yellow
14,11,red
15,11,yellow
0,12,yellow
1,12,red
2,12,yellow
3,12,red
4,12,yellow
5,12,red
6,12,yellow
9,12,red
10,12,yellow
11,12,red
12,12,yellow
13,12,red
14,12,yellow
15,12,red
0,13,red
1,13,yellow
2,13,red
3,13,yellow
4,13,red
5,13,yellow
6,13,red
7,13,yellow
8,13,red
9,13,yellow
10,13,red
11,13,yellow
12,13,red
13,13,yellow
14,13,red
15,13,yellow
0,14,yellow
1,14,red
2,14,yellow
3,14,red
4,14,yellow
5,14,red
6,14,yellow
7,14,red
8,14,yellow
9,14,red
10,14,yellow
11,14,red
12,14,yellow
13,14,red
14,14,yellow
15,14,red
0,15,red
1,15,yellow
2,15,red
3,15,yellow
4,15,red
5,15,yellow
6,15,red
7,15,yellow
8,15,red
9,15,yellow
10,15,red
11,15,yellow
12,15,red
13,15,yellow
14,15,red
15,15,yellow
350
0,1
0,16
1,2
1,17
2,3
2,18
3,4
3,19
4,5
4,20
5,6
5,21
6,7
6,22
7,8
7,23
8,9
8,24
9,10
9,25
10,11
10,26
11,12
11,27
12,13
12,28
13,14
13,29
14,15
14,30
15,31
16,17
16,32
17,18
17,33
18,19
18,34
19,20
19,35
20,21
20,36
21,22
21,37
22,23
22,38
23,24
23,39
24,25
24,40
25,26
25,41
26,27
26,42
27,28
27,43
28,29
28,44
29,30
29,45
30,31
30,46
31,47
32,33
33,34
34,35
35,36
36,37
36,48
37,38
37,49
38,39
38,50
39,40
39,51
40,41
40,52
41,42
41,53
42,43
42,54
43,44
43,55
44,45
45,46
46,47
48,49
49,50
49,60
50,51
50,61
51,52
52,53
53,54
53,62
54,55
54,63
56,57
57,58
58,59
59,68
60,61
62,63
64,65
64,73
65,66
66,67
68,69
69,76
70,71
70,79
71,80
72,73
72,83
74,75
74,86
75,87
76,77
76,89
77,78
77,90
78,79
78,91
79,80
79,92
80,81
80,93
81,82
81,94
82,83
82,95
83,96
84,85
84,98
85,99
86,87
86,100
87,88
87,101
88,102
89,90
90,91
91,92
91,104
92,93
92,105
93,94
93,106
94,95
94,107
95,96
97,98
97,109
98,99
98,110
99,111
100,101
100,112
101,102
101,113
102,103
102,114
103,115
104,105
104,117
105,106
105,118
106,107
106,119
107,120
108,109
108,122
109,110
109,123
110,111
110,124
111,125
112,113
112,126
113,114
113,127
114,115
114,128
115,116
115,129
116,130
117,118
118,119
118,132
119,120
119,133
121,122
121,135
122,123
122,136
123,124
123,137
124,125
124,138
125,139
126,127
126,140
127,128
127,141
128,129
128,142
129,130
129,143
130,131
130,144
131,145
132,133
132,146
133,147
134,135
134,148
135,136
135,149
136,137
136,150
137,138
137,151
138,139
138,152
139,153
140,141
140,154
141,142
141,155
142,143
142,156
143,144
143,157
144,145
144,158
145,159
146,147
148,149
148,162
149,150
149,163
150,151
150,164
151,152
151,165
152,153
152,166
153,167
154,155
154,168
155,156
155,169
156,157
156,170
157,158
157,171
158,159
158,172
159,160
159,173
160,174
161,162
161,177
162,163
162,178
163,164
163,179
164,165
164,180
165,166
165,181
166,167
166,182
167,183
168,169
168,184
169,170
169,185
170,171
170,186
171,172
171,187
172,173
172,188
173,174
173,189
174,175
174,190
175,176
175,191
176,177
176,192
177,178
177,193
178,179
178,194
179,180
179,195
180,181
180,196
181,182
181,197
182,183
182,198
183,199
184,185
184,200
185,186
185,201
186,187
186,202
187,188
187,203
188,189
188,204
189,190
189,205
190,191
190,206
191,192
191,207
192,193
192,208
193,194
193,209
194,195
194,210
195,196
195,211
196,197
196,212
197,198
197,213
198,199
198,214
199,215
200,201
201,202
202,203
203,204
204,205
205,206
206,207
207,208
208,209
209,210
210,211
211,212
212,213
213,214
214,215
93,green
