8
52
2,0,red
3,0,red
4,0,red
5,0,red
1,1,red
2,1,yellow
3,1,yellow
4,1,yellow
5,1,yellow
6,1,red
0,2,red
1,2,yellow
2,2,blue
3,2,yellow
4,2,yellow
5,2,blue
6,2,yellow
7,2,red
0,3,red
1,3,yellow
2,3,yellow
3,3,yellow
4,3,yellow
5,3,yellow
6,3,yellow
7,3,red
0,4,red
1,4,yellow
2,4,blue
3,4,yellow
4,4,yellow
5,4,blue
6,4,yellow
7,4,red
0,5,red
1,5,yellow
2,5,yellow
3,5,blue
4,5,blue
5,5,yellow
6,5,yellow
7,5,red
1,6,red
2,6,yellow
3,6,yellow
4,6,yellow
5,6,yellow
6,6,red
2,7,red
3,7,red
4,7,red
5,7,red
88
0,1
0,5
1,2
1,6
2,3
2,7
3,8
4,5
4,11
5,6
5,12
6,7
6,13
7,8
7,14
8,9
8,15
9,16
10,11
10,18
11,12
11,19
12,13
12,20
13,14
13,21
14,15
14,22
15,16
15,23
16,17
16,24
17,25
18,19
18,26
19,20
19,27
20,21
20,28
21,22
21,29
22,23
22,30
23,24
23,31
24,25
24,32
25,33
26,27
26,34
27,28
27,35
28,29
28,36
29,30
29,37
30,31
30,38
31,32
31,39
32,33
32,40
33,41
34,35
35,36
35,42
36,37
36,43
37,38
37,44
38,39
38,45
39,40
39,46
40,41
40,47
42,43
43,44
43,48
44,45
44,49
45,46
45,50
46,47
46,51
48,49
49,50
50,51
6,red
